[header]
width=32
height=32
tilewidth=16
tileheight=16
orientation=orthogonal

[tilesets]
tileset=../sprites/tileset1.png,16,16,0,0

[layer]
type=Ground
data=
2049,2050,2051,2050,2051,2050,2051,2050,2051,2050,2051,2050,2051,2050,2051,2050,2051,2050,2051,2050,2051,2050,2051,2050,2051,2050,2051,2050,2051,2050,2051,2052,
2113,2179,2178,2179,2178,2179,2178,2179,2178,2179,2178,2179,2178,2179,2178,2179,2178,2179,2178,2179,2178,2179,2178,2179,2178,2179,2178,2179,2178,2179,2178,2116,
2177,2115,2114,2115,2114,2115,2114,2115,2114,2115,2114,2115,2114,2115,2114,2115,2114,2115,2114,2115,2114,2115,2114,2115,2114,2115,2114,2115,2114,2115,2114,2180,
2113,2179,2178,2179,2178,2179,2178,2179,2178,2179,2178,2179,2178,2179,2178,2179,2178,2179,2178,2179,2178,2179,2178,2179,2178,2179,2178,2179,2178,2179,2178,2116,
2177,2115,2114,2115,2114,2115,2114,2115,2114,2115,2114,2115,2114,2115,2114,2115,2114,2115,2114,2115,2114,2115,2114,2115,2114,2115,2114,2115,2114,2115,2114,2180,
2113,2179,2178,2179,2178,2179,2178,2179,2178,2179,2178,2179,2178,2179,2178,2179,2178,2179,2178,2179,2178,2179,2178,2179,2178,2179,2178,2179,2178,2179,2178,2116,
2177,2115,2114,2115,2114,2115,2114,2115,2114,2115,2114,2115,2114,2115,2114,2115,2114,2115,2114,2115,2114,2115,2114,2115,2114,2115,2114,2115,2114,2115,2114,2180,
2113,2179,2178,2179,2178,2179,2178,2179,2178,2179,2178,2179,2178,2179,2178,2179,2178,2179,2178,2179,2178,2179,2178,2179,2178,2179,2178,2179,2178,2179,2178,2116,
2177,2115,2114,2115,2114,2115,2114,2115,2114,2115,2114,2115,2114,2115,2114,2115,2114,2115,2114,2115,2114,2115,2114,2115,2114,2115,2114,2115,2114,2115,2114,2180,
2113,2179,2178,2179,2178,2179,2178,2179,2178,2179,2178,2179,2178,2179,2178,2179,2178,2179,2178,2179,2178,2179,2178,2179,2178,2179,2178,2179,2178,2179,2178,2116,
2177,2115,2114,2115,2114,2115,2114,2115,2114,2115,2114,2115,2114,2115,2114,2115,2114,2115,2114,2115,2114,2115,2114,2115,2114,2115,2114,2115,2114,2115,2114,2180,
2113,2179,2178,2179,2178,2179,2178,2179,2178,2179,2178,2179,2178,2179,2178,2179,2178,2179,2178,2179,2178,2179,2178,2179,2178,2179,2178,2179,2178,2179,2178,2116,
2177,2115,2114,2115,2114,2115,2114,2115,2114,2115,2114,2115,2114,2115,2114,2115,2114,2115,2114,2115,2114,2115,2114,2115,2114,2115,2114,2115,2114,2115,2114,2180,
2113,2179,2178,2179,2178,2179,2178,2179,2178,2179,2178,2179,2178,2179,2178,2179,2178,2179,2178,2179,2178,2179,2178,2179,2178,2179,2178,2179,2178,2179,2178,2116,
2177,2115,2114,2115,2114,2115,2114,2115,2114,2115,2114,2115,2114,2115,2114,2115,2114,2115,2114,2115,2114,2115,2114,2115,2114,2115,2114,2115,2114,2115,2114,2180,
2113,2179,2178,2179,2178,2179,2178,2179,2178,2179,2178,2179,2178,2179,2178,2179,2178,2179,2178,2179,2178,2179,2178,2179,2178,2179,2178,2179,2178,2179,2178,2116,
2177,2115,2114,2115,2114,2115,2114,2115,2114,2115,2114,2115,2114,2115,2114,2115,2114,2115,2114,2115,2114,2115,2114,2115,2114,2115,2114,2115,2114,2115,2114,2180,
2113,2179,2178,2179,2178,2179,2178,2179,2178,2179,2178,2179,2178,2179,2178,2179,2178,2179,2178,2179,2178,2179,2178,2179,2178,2179,2178,2179,2178,2179,2178,2116,
2177,2115,2114,2115,2114,2115,2114,2115,2114,2115,2114,2115,2114,2115,2114,2115,2114,2115,2114,2115,2114,2115,2114,2115,2114,2115,2114,2115,2114,2115,2114,2180,
2113,2179,2178,2179,2178,2179,2178,2179,2178,2179,2178,2179,2178,2179,2178,2179,2178,2179,2178,2179,2178,2179,2178,2179,2178,2179,2178,2179,2178,2179,2178,2116,
2177,2115,2114,2115,2114,2115,2114,2115,2114,2115,2114,2115,2114,2115,2114,2115,2114,2115,2114,2115,2114,2115,2114,2115,2114,2115,2114,2115,2114,2115,2114,2180,
2113,2179,2178,2179,2178,2179,2178,2179,2178,2179,2178,2179,2178,2179,2178,2179,2178,2179,2178,2179,2178,2179,2178,2179,2178,2179,2178,2179,2178,2179,2178,2116,
2177,2115,2114,2115,2114,2115,2114,2115,2114,2115,2114,2115,2114,2115,2114,2115,2114,2115,2114,2115,2114,2115,2114,2115,2114,2115,2114,2115,2114,2115,2114,2180,
2113,2179,2178,2179,2178,2179,2178,2179,2178,2179,2178,2179,2178,2179,2178,2179,2178,2179,2178,2179,2178,2179,2178,2179,2178,2179,2178,2179,2178,2179,2178,2116,
2177,2115,2114,2115,2114,2115,2114,2115,2114,2115,2114,2115,2114,2115,2114,2115,2114,2115,2114,2115,2114,2115,2114,2115,2114,2115,2114,2115,2114,2115,2114,2180,
2113,2179,2178,2179,2178,2179,2178,2179,2178,2179,2178,2179,2178,2179,2178,2179,2178,2179,2178,2179,2178,2179,2178,2179,2178,2179,2178,2179,2178,2179,2178,2116,
2177,2115,2114,2115,2114,2115,2114,2115,2114,2115,2114,2115,2114,2115,2114,2115,2114,2115,2114,2115,2114,2115,2114,2115,2114,2115,2114,2115,2114,2115,2114,2180,
2113,2179,2178,2179,2178,2179,2178,2179,2178,2179,2178,2179,2178,2179,2178,2179,2178,2179,2178,2179,2178,2179,2178,2179,2178,2179,2178,2179,2178,2179,2178,2116,
2177,2115,2114,2115,2114,2115,2114,2115,2114,2115,2114,2115,2114,2115,2114,2115,2114,2115,2114,2115,2114,2115,2114,2115,2114,2115,2114,2115,2114,2115,2114,2180,
2113,2179,2178,2179,2178,2179,2178,2179,2178,2179,2178,2179,2178,2179,2178,2179,2178,2179,2178,2179,2178,2179,2178,2179,2178,2179,2178,2179,2178,2179,2178,2116,
2177,2115,2114,2115,2114,2115,2114,2115,2114,2115,2114,2115,2114,2115,2114,2115,2114,2115,2114,2115,2114,2115,2114,2115,2114,2115,2114,2115,2114,2115,2114,2180,
2241,2242,2243,2242,2243,2242,2243,2242,2243,2242,2243,2242,2243,2242,2243,2242,2243,2242,2243,2242,2243,2242,2243,2242,2243,2242,2243,2242,2243,2242,2243,2244

[layer]
type=Mid
data=
0,0,0,0,0,0,245,246,247,941,878,879,878,879,878,879,878,879,878,879,878,879,878,879,944,246,247,248,0,0,0,0,
0,0,0,0,0,0,309,310,311,877,942,943,942,943,942,943,942,943,942,943,942,943,942,943,880,310,311,312,0,0,0,0,
0,0,0,0,0,0,245,246,247,941,878,879,878,879,878,879,878,879,878,879,878,879,878,879,944,246,247,248,0,0,0,0,
0,0,0,0,0,0,309,310,311,877,942,943,942,943,942,943,942,943,942,943,942,943,942,943,880,310,311,312,0,0,0,0,
0,0,0,0,0,0,245,246,247,941,878,879,878,879,878,879,878,879,878,879,878,879,878,879,944,246,247,248,0,0,0,0,
0,0,0,0,0,0,309,310,311,1005,1006,1007,1006,1007,1006,1007,1006,1007,1006,1007,1006,1007,1006,1007,1008,310,311,312,0,0,0,0,
0,0,0,0,0,0,245,246,247,1069,1070,1071,1070,1071,1070,1071,1070,1071,1070,1071,1070,1071,1070,1071,1072,246,247,248,0,0,0,0,
0,0,0,0,0,0,309,310,311,1133,1134,1135,1134,1135,1134,1135,1134,1135,1134,1135,1134,1135,1134,1135,1136,310,311,312,0,0,0,0,
0,0,0,0,0,0,245,246,247,1197,1198,1199,1198,1199,1198,1199,1198,1199,1198,1199,1198,1199,1198,1199,1200,246,247,248,0,0,0,0,
0,0,0,0,0,0,309,310,311,1261,1262,1263,1262,1263,1262,1263,1262,1263,1262,1263,1262,1263,1262,1263,1264,310,311,312,0,0,0,0,
0,0,0,0,0,0,245,246,247,246,247,246,247,246,247,246,247,246,247,246,247,246,247,246,247,246,247,248,0,0,0,0,
0,0,0,0,0,0,309,310,311,310,311,310,311,310,311,310,311,310,311,310,311,310,311,310,311,310,311,312,0,0,0,0,
0,0,0,0,0,0,373,374,375,374,375,374,375,374,375,374,375,374,375,374,375,374,375,374,375,374,375,376,0,0,0,0,
0,0,0,0,0,0,437,438,439,438,439,438,439,438,439,438,439,438,439,438,439,438,439,438,439,438,439,440,0,0,0,0,
0,0,0,0,0,0,501,502,503,502,503,502,503,502,503,502,503,502,503,502,503,502,503,502,503,502,503,504,0,0,0,0,
0,0,0,0,0,0,565,566,567,566,567,566,567,566,567,566,567,566,567,566,567,566,567,566,567,566,567,568,0,0,0,0,
0,0,0,0,0,0,629,630,631,630,631,630,631,630,631,630,631,630,631,630,631,630,631,630,631,630,631,632,0,0,0,0,
0,0,0,0,0,0,0,0,0,0,0,0,0,0,0,0,0,0,0,0,0,0,0,0,0,0,0,0,0,0,0,0,
0,0,0,0,0,0,0,0,0,0,0,0,0,0,0,0,0,0,0,0,0,0,0,0,0,0,0,0,0,0,0,0,
0,0,0,0,0,0,0,0,0,0,0,0,0,0,0,0,0,0,0,0,0,0,0,0,0,0,0,0,0,0,0,0,
0,0,0,0,0,0,0,0,0,0,0,0,0,0,0,0,0,0,0,0,0,0,0,0,0,0,0,0,0,0,0,0,
0,0,0,0,0,0,0,0,0,0,0,0,0,0,0,0,0,0,0,0,0,0,0,0,0,0,0,0,0,0,0,0,
0,0,0,0,0,0,0,0,0,0,0,0,0,0,0,0,0,0,0,0,0,0,0,0,0,0,0,0,0,0,0,0,
0,0,0,0,0,0,0,0,0,0,0,0,0,0,0,0,0,0,0,0,0,0,0,0,0,0,0,0,0,0,0,0,
0,0,0,0,0,0,0,0,0,0,0,0,0,0,0,0,0,0,0,0,0,0,0,0,0,0,0,0,0,0,0,0,
0,0,0,0,0,0,0,0,0,0,0,0,0,0,0,0,0,0,0,0,0,0,0,0,0,0,0,0,0,0,0,0,
0,0,0,0,0,0,0,0,0,0,0,0,0,0,0,0,0,0,0,0,0,0,0,0,0,0,0,0,0,0,0,0,
0,0,0,0,0,0,0,0,0,0,0,0,0,0,0,0,0,0,0,0,0,0,0,0,0,0,0,0,0,0,0,0,
0,0,0,0,0,0,0,0,0,0,0,0,0,0,0,0,0,0,0,0,0,0,0,0,0,0,0,0,0,0,0,0,
0,0,0,0,0,0,0,0,0,0,0,0,0,0,0,0,0,0,0,0,0,0,0,0,0,0,0,0,0,0,0,0,
0,0,0,0,0,0,0,0,0,0,0,0,0,0,0,0,0,0,0,0,0,0,0,0,0,0,0,0,0,0,0,0,
0,0,0,0,0,0,0,0,0,0,0,0,0,0,0,0,0,0,0,0,0,0,0,0,0,0,0,0,0,0,0,0

[layer]
type=Mid Top
data=
0,0,0,0,0,0,0,0,0,0,0,0,0,0,0,0,0,0,0,0,0,0,0,0,0,0,0,0,0,0,0,0,
0,0,0,0,0,0,0,0,0,0,0,0,0,0,0,0,0,0,0,0,0,0,0,0,0,0,0,0,0,0,0,0,
0,0,0,0,0,0,0,0,0,0,0,0,0,0,0,0,0,0,0,0,0,0,0,0,0,0,0,0,0,0,0,0,
0,0,0,0,0,0,0,0,0,0,0,0,0,0,0,0,0,0,0,0,0,0,0,0,0,0,0,0,0,0,0,0,
0,0,0,0,0,0,0,0,0,0,0,0,0,0,0,0,0,0,0,0,0,0,0,0,0,0,0,0,0,0,0,0,
0,0,0,0,0,0,0,0,0,0,0,0,0,0,0,0,0,0,0,0,0,0,0,0,0,0,0,0,0,0,0,0,
0,0,0,0,0,0,0,0,0,0,0,2329,2330,0,0,0,0,0,0,0,0,2329,2330,6677,6678,0,0,0,0,0,0,0,
0,0,0,0,0,0,0,0,0,0,0,2393,2394,0,0,0,0,0,0,0,0,2393,2394,6741,6742,0,0,0,0,0,0,0,
0,0,0,0,0,0,0,0,0,0,0,2457,2458,0,0,0,0,0,0,0,0,2457,2458,6805,6806,0,0,0,0,0,0,0,
0,0,0,0,0,0,0,0,0,0,0,0,0,0,0,0,0,0,0,0,0,0,0,6869,6870,0,0,0,0,0,0,0,
0,0,0,0,0,0,0,0,0,0,0,0,0,0,0,0,0,0,0,0,0,0,0,6739,6740,0,0,0,0,0,0,0,
0,0,0,0,0,0,0,0,0,0,0,0,0,0,0,0,0,0,0,0,0,0,0,6803,6804,0,0,0,0,0,0,0,
0,0,0,0,0,0,0,0,0,0,0,0,0,0,0,0,0,0,0,0,0,0,0,0,0,0,0,0,0,0,0,0,
0,0,0,0,0,0,0,0,0,5129,5130,0,0,0,0,0,7815,7816,0,0,0,0,0,5121,5122,0,0,0,0,0,0,0,
0,0,0,0,0,0,0,0,0,5193,5194,0,0,0,0,0,7879,7880,0,0,0,0,0,5185,5186,0,0,0,0,0,0,0,
0,0,0,0,0,0,0,2585,2586,5257,5258,0,0,0,0,0,7943,7944,0,0,0,0,0,5249,5250,2585,2586,0,0,0,0,0,
0,0,0,0,0,0,0,2649,2650,5321,5322,0,0,0,0,0,8007,8008,0,0,0,0,0,5313,5314,2649,2650,0,0,0,0,0,
0,0,0,0,0,0,0,0,0,0,0,0,2053,2054,2055,2056,0,0,2053,2054,2055,2056,0,0,0,0,0,0,0,0,0,0,
0,0,0,0,0,0,0,0,0,0,0,0,2117,2118,2119,2120,0,0,2117,2118,2119,2120,0,0,0,0,0,0,0,0,0,0,
0,0,0,0,0,0,0,0,0,0,0,0,2181,2182,2183,2184,0,0,2181,2182,2183,2184,0,0,0,0,0,0,0,0,0,0,
0,0,0,0,0,0,0,0,0,0,0,0,2245,2246,2247,2248,0,0,2245,2246,2247,2248,0,0,0,0,0,0,0,0,0,0,
0,0,0,0,0,0,0,0,0,0,0,0,0,0,0,0,0,0,0,0,0,0,0,0,0,0,0,0,0,0,0,0,
0,0,0,0,0,0,0,0,0,0,0,0,0,0,0,0,0,0,0,0,0,0,0,0,6929,6930,0,0,0,0,0,0,
0,0,0,0,0,0,0,0,0,0,0,0,0,0,0,0,0,0,0,0,0,0,0,0,6993,6994,0,0,0,0,0,0,
0,0,0,0,0,0,0,0,0,0,0,0,0,0,0,0,0,0,0,0,0,0,0,0,7057,7058,0,0,0,0,0,0,
0,0,0,0,0,0,0,0,0,0,0,0,0,0,0,0,0,0,0,0,0,0,0,0,7121,7122,0,0,0,0,0,0,
0,0,0,0,0,0,0,0,0,0,0,0,0,0,0,0,0,0,0,0,0,0,0,0,0,0,0,0,0,0,0,0,
0,0,0,0,0,0,0,0,0,0,0,0,0,0,0,0,0,6929,6930,0,0,0,0,0,0,0,0,0,0,0,0,0,
0,0,0,0,0,0,0,0,0,0,0,0,0,0,0,0,0,6993,6994,0,0,0,0,0,0,0,0,0,0,0,0,0,
0,0,0,0,0,0,0,0,0,0,0,0,0,0,0,0,0,7057,7058,0,0,0,0,0,0,0,0,0,0,0,0,0,
0,0,0,0,0,0,0,0,0,0,0,0,0,0,0,0,0,7121,7122,0,0,0,0,0,0,0,0,0,0,0,0,0,
0,0,0,0,0,0,0,0,0,0,0,0,0,0,0,0,0,0,0,0,0,0,0,0,0,0,0,0,0,0,0,0

